n <- 3
p <- 1
