n <- 1000
p <- 10
